Voltage
-0.10223348
-0.10492481
-0.107616
-0.11030717
-0.112998314
-0.11568949
-0.11838079
-0.12107212
-0.12376363
-0.12645528
-0.12914701
-0.13183884
-0.13453066
-0.13722251
-0.13991432
-0.14260602
-0.14529751
-0.14798883
-0.15067989
-0.1533705
-0.15606089
-0.15875076
-0.16144025
-0.16412923
-0.16681781
-0.169506
-0.1721938
-0.17488122
-0.1775684
-0.18025532
-0.18294224
-0.18562913
-0.1883162
-0.1910035
-0.19369125
-0.1963796
-0.19906865
-0.2017585
-0.20444934
-0.2071413
-0.20983437
-0.21252868
-0.21522424
-0.21792108
-0.22061902
-0.22331813
-0.22601819
-0.22871904
-0.23142043
-0.23412211
